-0.524124930174	-0.572859144537	0.0954463013503	0.383228492631	-0.176963375407	-0.176092182914	-0.419185600417	-0.0557702731623	
-0.594438071132	0.630120663563	-0.170207779053	0.310038363267	0.184062339022	-0.234777849368	0.129535474326	0.136813127597	
-0.256274004778	0.274017533217	0.159810847533	3.79763471641e-16	-0.578984616742	0.636550929377	-5.14865417077e-16	-0.305414876619	
-0.285637407541	-0.247912130379	0.354610323633	-0.0731901293639	0.445784489129	0.0836141431849	0.548721074743	-0.468012410951	
-0.193139313084	0.0338495047559	-0.500790404849	-0.428462480219	0.347110226112	0.155483227114	-0.46866374886	-0.403576557476	
-0.30513468365	-0.293988989917	-0.223433592703	-0.191614246316	0.127460939538	0.491219408177	0.209592800208	0.657535374657	
-0.18248983735	-0.161027766821	-0.397842428355	-0.383228492631	-0.51292322125	-0.42757441663	0.419185600417	-0.118313828277	
-0.246898426253	0.157254761836	0.592991677138	-0.620076726535	-0.032186812036	-0.231065080206	-0.259070948652	0.237976915799	
